
//=============================================================================
//                          C H R O M A T I X
//
//   DESCRIPTION
//   Auto-Generated by Chromatix tool defining camera tunable parameters.
//
// Copyright (c) 2016 Qualcomm Technologies, Inc.
// All Rights Reserved.
// Confidential and Proprietary - Qualcomm Technologies, Inc.
//=============================================================================

/* Header Version Info */
{
   0x0309, /* Chromatix Version */
   0, /* Revision */
   /* Chromatix App Version */
   {
      6, /* Major */
      14, /* Minor */
      0, /* Revision */
      0, /* Build */
   },
   HEADER_CPP, /* Header Type */
   0, /* Is Compressed */
   0, /* Is Mono */
   0, /* Is Video */
   0, /* Reserved Align */
   MODE_UNKNOWN, /* Chromatix Mode */
   0, /* Target ID */
   0, /* Chromatix ID */
   /* Reserved */
   {
      0, 0, 0, 0
   }
},
/* 7x7 ASF */
{
   1, /* Enable */
   1, /* Control Enable */
   1, /* Control Method - 1 = Gain, 0 = Lux Index */

   /*********************************************************************/
   // VFE4 7x7 ASF filter.
   //
   // 7x7 ASF parameters under lowlight, normal, and bright
   // light.
   //
   // Variable name: checksum_flag.
   // Sum of all filter co-efficients  (7x7) per kernel to be Disabled or Enabled ( CheckSum to be 0 or 1 ),
   // Lower 10 bits valid, 2 bits per filter; ( F5(9,8) | F4(7,6) | F3(5,4) | F2(3,2) | F1(0,1) )
   // Value per filter ( two bits ) : 00 for CheckSum disable ;
   //                               : 01 for Check Sum Enable, Checksum Value =0
   //                               : 11 for Check Sum Enable, CheckSum Value =1
   //
   // Variable name: SP.
   // 3x3 cross type median filter smoothing percentage.
   // Data range: 0 to 100.
   // Effect: Larger value results in smoother images.
   //
   // 7x7 edge detection (F1: horizontal & F2: vertical), sharpening
   // (F3: horizontal & F4: vertical), and smoothing (F5) coefficients.
   // Altered kernel symmetry by (negation & zero)'s according to zones:
   // (nz flags are defaulted to 0s, i.e., no change.)
   // nz[0]          |nz[1]|          nz[2]
   //        0  1  2 |   3 |  2  1  0
   //        4  5  6 |   7 |  6  5  4
   //        8  9 10 |  11 | 10  9  8
   // ---------------+-----+---------------
   // nz[7] 12 13 14 |  15 | 14 13 12 nz[3]
   // ---------------+-----+---------------
   //        8  9 10 |  11 | 10  9  8
   //        4  5  6 |   7 |  6  5  4
   //        0  1  2 |   3 |  2  1  0
   // nz[6]          |nz[5]|          nz[4]
   // Data range: Center coeff -2047 to 2047, axes coeff -1023 to 1023,
   //        quadrant coeff -511 to 511.  All are Q10 numbers.
   // Constraints: After mirroring, all 49 coefficients in the high-pass
   //        filters must sum up to 0, and all 49 coefficients in F5 must
   //        sum up to 1.0.
   //
   //        For MSM8974 (VFE4.0), F1 to F5 must have the same coefficient
   //        symmetry, i.e., F1 to F4 should be 2nd order HPFs and F5 be
   //        LPF.  For VFE4.1 and after, F1 and F2 can have independent
   //        symmetries, i.e., 1st order HPFs.
   //        Kernel Coefficients: F1,F2,F3,F4 and F5 kernels are 9x9 for 8952/56.
   //        For 8974 chipset, these kernels are programmed as 7x7, top row and left columns are programmed as zeros.
   //
   // Variable name: LUT1
   // Horizontal edge enhancement strength with noise threshold.
   // Data range: 24-entry LUT mapping from absolute edge detection [0, 95] of
   //        F1 to edge enhancement strength [0, 7.96] for F3.
   // Effect: This mapping curve is optimized with the 7x7 edge sharpening
   //        filter.  Small edges due to noise can be thresholded by curve
   //        being 0.
   //
   // Variable name: LUT2
   // Vertical edge enhancement strength with noise threshold.
   // Data range: 24-entry LUT mapping from absolute edge detection [0, 95] of
   //        F2 to edge enhancement strength [0, 7.96] for F4.
   // Effect: This mapping curve is optimized with the 7x7 edge sharpening
   //        filter.  Small edges due to noise can be thresholded by curve
   //        being 0.
   //
   // Variable name: LUT3
   // HPF weighting curve.
   // Data range: 12-entry LUT mapping from absolute edge detection [0, 47] of
   //        F1+F2 to unsharp HPF output wighting [0, 1.0] of F3+F4.
   // Effect: This mapping curve is optimized with the 7x7 edge sharpening
   //        filter.  HPF image is blended with LPF image by convex
   //        combination, where the output of LPF F5 is weighted as
   //        (1.0 - HPF weighting).
   //
   // Variable names: Smax, Smin
   // Ratio to the maximum and minimum in neighborhood for dynamic
   // high-end and low-end clamping of edge enhancement.
   // Data range: 0 to 7.9.
   // Effect: Smax applies to the difference of the maximum in 3x3 diamond
   //        neighborhood of the input pixel to the center pixel after 3x3
   //        cross-type median filter for high-end clamping level, and
   //        Smin similarly applies to the difference of the minimum in
   //        neighborhood for low-end clamping level.  Increasing Smax and
   //        Smin allow wider swing of edge enhancement proportionally,
   //        and vice versa for narrower edge enhancement range.  Dynamic
   //        clamping helps reducing edge overshoots to avoid halo
   //        artifacts.  The high and low clamping levels apply to
   //        horizontal and vertical edge enhancements equally.
   //
   // Variable names: Omax, Omin
   // Offset to the maximum and minimum in neighborhood for dynamic
   // high-end and low-end clamping of edge enhancement.
   // Data range: 0 to 127.
   // Effect: Similar to Smax and Smin, Omax adds offset to the high-end
   //        dynamic clamping level and Omin subtracts to the low-end
   //        dynamic clamping level.  Increasing Omax and Omin increases
   //        the swing range of edge enhancement and vice versa.  The high
   //        and low clamping levels apply to horizontal and vertical edge
   //        enhancements equally.
   //
   // Variable names: Clamp_HH, Clamp_HL
   // Static high-end and low-end clamping levels of horizontal edge
   // enhancement.
   // Data range: -255 to 255.
   // Effect: If dynamic clamping is disabled, these values are applied to
   //        limit the high-end and low-end swing range of edge
   //        enhancement of F3 in horizontal direction.
   //
   // Variable names: Clamp_VH, Clamp_VL
   // Static high-end and low-end clamping levels of vertical edge
   // enhancement.
   // Data range: -255 to 255.
   // Effect: If dynamic clamping is disabled, these values are applied to
   //        limit the high-end and low-end swing range of edge
   //        enhancement of F4 in vertical direction.
   //
   // Variable names: reg_th, reg_tl.
   // Total Clamping High and Low values.
   // Data Range: -256 to 256.
   // Constraints: These are applicable for 8952/56 chipsets.
   //              Total Clamps are ignored for 8974/8916 chipsets.
   //
   // Variable names: en_sp_eff, neg_abs_y1, nz[7::0]
   // Special effects (emboss, sketch, neon) only.  For normal edge
   // enhancement, these should be set to zero.
   //
   // Variable name: soft_focus_degree_7_7.
   // This parameter is used for portrait mode under Best Shot Mode.
   // Data range: 0.5 to 1.
   // Effect: Smaller value will result in softer focus.
   //
   // Variable name: asf_7_7_sharp_min_ds_factor.
   // Sharpness control parameters per upscaling for ASF.
   // Data range: 0.25 to 1.
   // Effect: Larger value will result in little sharpening change for upscaling.
   //         Setting it to 1 will use the same sharpening for upscaling case as
   //         no scaling.
   //
   // Variable name: asf_7_7_sharp_max_ds_factor.
   // Sharpness control parameters per downscaling for ASF.
   // We do not recommend changing this value.
   //
   // Variable name: asf_7_7_sharp_max_factor.
   // Sharpness control parameters per upscaling for ASF.
   // Data range: 1 to 3.
   // Default value (target-specific): 1 for 8960/8909/8x30/8x10, 2 for 8974/8x26/8x16/8084/8994/8996.
   // Effect: Larger value will result in more sharpening for upscaling case.
   /*********************************************************************/

   /* Core Data */
   {
      /* ASF 7x7 Set1 */
      {
         /* Trigger */
         {
            1.350000f, /* Gain Start */
            1.500000f, /* Gain End */
            250, /* Lux Index Start */
            262, /* Lux Index End */
         },
         853, /* Checksum Flag */
         0, /* 3x3 Smooth Percentage */
         {0, 0, 0}, /* nz [0] for F1, [1] for F2, [2] for F3 and F4 */
         /* F1 */
         {
            0.000000f, 0.000000f, 0.000000f, 0.000000f, 0.000000f,
            0.000000f, -0.001953f, -0.007812f, -0.023438f, -0.033203f,
            0.000000f, -0.007812f, -0.093750f, -0.250000f, -0.326172f,
            0.000000f, -0.023438f, -0.250000f, 0.048828f, 0.548828f,
            0.000000f, -0.033203f, -0.326172f, 0.548828f, 1.679688f
         },
         /* F2 */
         {
            0.000000f, 0.000000f, 0.000000f, 0.000000f, 0.000000f,
            0.000000f, -0.001953f, -0.007812f, -0.023438f, -0.033203f,
            0.000000f, -0.007812f, -0.093750f, -0.250000f, -0.326172f,
            0.000000f, -0.023438f, -0.250000f, 0.048828f, 0.548828f,
            0.000000f, -0.033203f, -0.326172f, 0.548828f, 1.679688f
         },
         /* F3 */
         {
            0.000000f, 0.000000f, 0.000000f, 0.000000f, 0.000000f,
            0.000000f, -0.000698f, -0.005583f, -0.016750f, -0.023729f,
            0.000000f, -0.005583f, -0.045365f, -0.137490f, -0.195417f,
            0.000000f, -0.016750f, -0.137490f, -0.140281f, 0.240083f,
            0.000000f, -0.023729f, -0.195417f, 0.240083f, 1.940208f
         },
         /* F4 */
         {
            0.000000f, 0.000000f, 0.000000f, 0.000000f, 0.000000f,
            0.000000f, -0.000698f, -0.005583f, -0.016750f, -0.023729f,
            0.000000f, -0.005583f, -0.045365f, -0.137490f, -0.195417f,
            0.000000f, -0.016750f, -0.137490f, -0.140281f, 0.240083f,
            0.000000f, -0.023729f, -0.195417f, 0.240083f, 1.940208f
         },
         /* F5 */
         {
            0.000000f, 0.000000f, 0.000000f, 0.000000f, 0.000000f,
            0.000000f, 0.000000f, 0.000000f, 0.000000f, 0.000000f,
            0.000000f, 0.000000f, 0.000000f, 0.000000f, 0.000000f,
            0.000000f, 0.000000f, 0.000000f, 0.000000f, 0.000000f,
            0.000000f, 0.000000f, 0.000000f, 0.000000f, 1.000000f
         },
         /* H / Lut1 */
         {
            0.050000f,  0.100000f,  0.200000f,  0.300000f,  0.400000f,  0.400000f,
            0.400000f,  0.400000f,  0.400000f,  0.400000f,  0.400000f,  0.400000f,
            0.400000f,  0.366667f,  0.333333f,  0.300000f,  0.300000f,  0.300000f,
            0.300000f,  0.300000f,  0.300000f,  0.300000f,  0.300000f,  0.300000f,

         },
         /* V / Lut2 */
         {
            0.000000f, 0.000000f, 0.000000f, 0.000000f, 0.000000f, 0.000000f,
            0.000000f, 0.000000f, 0.000000f, 0.000000f, 0.000000f, 0.000000f,
            0.000000f, 0.000000f, 0.000000f, 0.000000f, 0.000000f, 0.000000f,
            0.000000f, 0.000000f, 0.000000f, 0.000000f, 0.000000f, 0.000000f
         },
         0, /* Enable Dynamic Clamping */
         1.000000f, /* smax */
         5, /* omax */
         1.000000f, /* smin */
         5, /* omin */
         12, /* reg_hh */
         -48, /* reg_hl */
         12, /* reg_vh */
         -48, /* oreg_vlmin */
         12, /* reg_th */
         -48, /* reg_tl */
         /* Lut3 */
         {
            0.000000f, 1.000000f, 1.000000f, 1.000000f, 1.000000f, 1.000000f,
            1.000000f, 1.000000f, 1.000000f, 1.000000f, 1.000000f, 1.000000f
         },
      },
      /* ASF 7x7 Set2 */
      {
         /* Trigger */
         {
            2.50000f, /* Gain Start */
            3.500f, /* Gain End */
            285, /* Lux Index Start */
            297, /* Lux Index End */
         },
         853, /* Checksum Flag */
         0, /* 3x3 Smooth Percentage */
         {0, 0, 0}, /* nz [0] for F1, [1] for F2, [2] for F3 and F4 */
         /* F1 */
         {
            0.000000f, 0.000000f, 0.000000f, 0.000000f, 0.000000f,
            0.000000f, -0.001953f, -0.007812f, -0.023438f, -0.033203f,
            0.000000f, -0.007812f, -0.093750f, -0.250000f, -0.326172f,
            0.000000f, -0.023438f, -0.250000f, 0.048828f, 0.548828f,
            0.000000f, -0.033203f, -0.326172f, 0.548828f, 1.679688f
         },
         /* F2 */
         {
            0.000000f, 0.000000f, 0.000000f, 0.000000f, 0.000000f,
            0.000000f, -0.001953f, -0.007812f, -0.023438f, -0.033203f,
            0.000000f, -0.007812f, -0.093750f, -0.250000f, -0.326172f,
            0.000000f, -0.023438f, -0.250000f, 0.048828f, 0.548828f,
            0.000000f, -0.033203f, -0.326172f, 0.548828f, 1.679688f
         },
         /* F3 */
         {
            0.000000f, 0.000000f, 0.000000f, 0.000000f, 0.000000f,
            0.000000f, -0.000698f, -0.005583f, -0.016750f, -0.023729f,
            0.000000f, -0.005583f, -0.045365f, -0.137490f, -0.195417f,
            0.000000f, -0.016750f, -0.137490f, -0.140281f, 0.240083f,
            0.000000f, -0.023729f, -0.195417f, 0.240083f, 1.940208f
         },
         /* F4 */
         {
            0.000000f, 0.000000f, 0.000000f, 0.000000f, 0.000000f,
            0.000000f, -0.000698f, -0.005583f, -0.016750f, -0.023729f,
            0.000000f, -0.005583f, -0.045365f, -0.137490f, -0.195417f,
            0.000000f, -0.016750f, -0.137490f, -0.140281f, 0.240083f,
            0.000000f, -0.023729f, -0.195417f, 0.240083f, 1.940208f
         },
         /* F5 */
         {
            0.000000f, 0.000000f, 0.000000f, 0.000000f, 0.000000f,
            0.000000f, 0.000000f, 0.000000f, 0.000000f, 0.000000f,
            0.000000f, 0.000000f, 0.000000f, 0.000000f, 0.000000f,
            0.000000f, 0.000000f, 0.000000f, 0.000000f, 0.000000f,
            0.000000f, 0.000000f, 0.000000f, 0.000000f, 1.000000f
         },
         /* H / Lut1 */
         {
           0.000000f,   0.050000f,  0.200000f,  0.300000f,  0.300000f,  0.300000f,
           0.300000f,   0.300000f,  0.300000f,  0.300000f,  0.290000f,  0.280000f,
           0.270000f,   0.260000f,  0.250000f,  0.240000f,  0.240000f,  0.240000f,
           0.240000f,   0.240000f,  0.240000f,  0.240000f,  0.240000f,  0.240000f,
         },
         /* V / Lut2 */
         {
            0.000000f, 0.000000f, 0.000000f, 0.000000f, 0.000000f, 0.000000f,
            0.000000f, 0.000000f, 0.000000f, 0.000000f, 0.000000f, 0.000000f,
            0.000000f, 0.000000f, 0.000000f, 0.000000f, 0.000000f, 0.000000f,
            0.000000f, 0.000000f, 0.000000f, 0.000000f, 0.000000f, 0.000000f
         },
         0, /* Enable Dynamic Clamping */
         1.000000f, /* smax */
         5, /* omax */
         1.000000f, /* smin */
         5, /* omin */
         12, /* reg_hh */
         -48, /* reg_hl */
         12, /* reg_vh */
         -48, /* oreg_vlmin */
         12, /* reg_th */
         -48, /* reg_tl */
         /* Lut3 */
         {
            0.000000f, 1.000000f, 1.000000f, 1.000000f, 1.000000f, 1.000000f,
            1.000000f, 1.000000f, 1.000000f, 1.000000f, 1.000000f, 1.000000f
         },
      },
      /* ASF 7x7 Set3 */
      {
         /* Trigger */
         {
            6.00000f, /* Gain Start */
            7.20000f, /* Gain End */
            305, /* Lux Index Start */
            317, /* Lux Index End */
         },
         853, /* Checksum Flag */
         0, /* 3x3 Smooth Percentage */
         {0, 0, 0}, /* nz [0] for F1, [1] for F2, [2] for F3 and F4 */
         /* F1 */
         {
            0.000000f, 0.000000f, 0.000000f, 0.000000f, 0.000000f,
            0.000000f, -0.001953f, -0.015625f, -0.044922f, -0.060547f,
            0.000000f, -0.015625f, -0.080078f, -0.128906f, -0.128906f,
            0.000000f, -0.044922f, -0.128906f, 0.091797f, 0.349609f,
            0.000000f, -0.060547f, -0.128906f, 0.349609f, 0.835938f
         },
         /* F2 */
         {
            0.000000f, 0.000000f, 0.000000f, 0.000000f, 0.000000f,
            0.000000f, -0.001953f, -0.015625f, -0.044922f, -0.060547f,
            0.000000f, -0.015625f, -0.080078f, -0.128906f, -0.128906f,
            0.000000f, -0.044922f, -0.128906f, 0.091797f, 0.349609f,
            0.000000f, -0.060547f, -0.128906f, 0.349609f, 0.835938f
         },
         /* F3 */
         {
            0.000000f, 0.000000f, 0.000000f, 0.000000f, 0.000000f,
            0.000000f, 0.000000f, 0.000000f, -0.004883f, -0.004883f,
            0.000000f, 0.000000f, -0.034180f, -0.200196f, -0.346680f,
            0.000000f, -0.004883f, -0.200196f, -0.063477f, 0.405274f,
            0.000000f, -0.004883f, -0.346680f, 0.405274f, 1.816406f
         },
         /* F4 */
         {
            0.000000f, 0.000000f, 0.000000f, 0.000000f, 0.000000f,
            0.000000f, 0.000000f, 0.000000f, -0.004883f, -0.004883f,
            0.000000f, 0.000000f, -0.034180f, -0.200196f, -0.346680f,
            0.000000f, -0.004883f, -0.200196f, -0.063477f, 0.405274f,
            0.000000f, -0.004883f, -0.346680f, 0.405274f, 1.816406f
         },
         /* F5 */
         {
            0.000000f, 0.000000f, 0.000000f, 0.000000f, 0.000000f,
            0.000000f, 0.000000f, 0.000000f, 0.000000f, 0.000000f,
            0.000000f, 0.000000f, 0.000000f, 0.000000f, 0.000000f,
            0.000000f, 0.000000f, 0.000000f, 0.000000f, 0.000000f,
            0.000000f, 0.000000f, 0.000000f, 0.000000f, 1.000000f
         },
         /* H / Lut1 */
         {
         0.000000f,     0.100000f,  0.200000f,  0.300000f,  0.300000f,  0.300000f,
         0.300000f,     0.300000f,  0.300000f,  0.300000f,  0.290000f,  0.280000f,
         0.270000f,     0.260000f,  0.250000f,  0.240000f,  0.230000f,  0.220000f,
         0.210000f,     0.200000f,  0.190000f,  0.180000f,  0.176667f,  0.173333f

            //0.0000f*0.75, 0.3170f*0.75, 0.3170f*0.75, 0.3170f*0.75, 0.3170f*0.75, 0.3170f*0.75,
            //0.3170f*0.75, 0.3170f*0.75, 0.3170f*0.75, 0.3170f*0.75, 0.3199f*0.75, 0.3149f*0.75,
            //0.3018f*0.75, 0.2811f*0.75, 0.2533f*0.75, 0.2533f*0.75, 0.2533f*0.75, 0.2533f*0.75,
            //0.2533f*0.75, 0.2533f*0.75, 0.2533f*0.75, 0.2533f*0.75, 0.2533f*0.75, 0.2533f*0.75
            //0.000000f, 0.000000f, 0.092723f, 0.183105f, 0.268808f, 0.347783f,
            //0.417924f, 0.477536f, 0.525038f, 0.559319f, 0.579384f, 0.584883f,
            //0.575581f, 0.551714f, 0.513864f, 0.463086f, 0.463086f, 0.463086f,
           // 0.463086f, 0.463086f, 0.463086f, 0.463086f, 0.463086f, 0.463086f
         },
         /* V / Lut2 */
         {
            0.000000f, 0.000000f, 0.000000f, 0.000000f, 0.000000f, 0.000000f,
            0.000000f, 0.000000f, 0.000000f, 0.000000f, 0.000000f, 0.000000f,
            0.000000f, 0.000000f, 0.000000f, 0.000000f, 0.000000f, 0.000000f,
            0.000000f, 0.000000f, 0.000000f, 0.000000f, 0.000000f, 0.000000f
         },
         0, /* Enable Dynamic Clamping */
         1.000000f, /* smax */
         5, /* omax */
         1.000000f, /* smin */
         5, /* omin */
         12, /* reg_hh */
         -48, /* reg_hl */
         12, /* reg_vh */
         -48, /* oreg_vlmin */
         12, /* reg_th */
         -48, /* reg_tl */
         /* Lut3 */
         {
            0.000000f, 1.000000f, 1.000000f, 1.000000f, 1.000000f, 1.000000f,
            1.000000f, 1.000000f, 1.000000f, 1.000000f, 1.000000f, 1.000000f
         },
      },
      /* ASF 7x7 Set4 */
      {
         /* Trigger */
         {
            12.00000f, /* Gain Start */
            14.40000f, /* Gain End */
            380, /* Lux Index Start */
            392, /* Lux Index End */
         },
         853, /* Checksum Flag */
         10, /* 3x3 Smooth Percentage */
         {0, 0, 0}, /* nz [0] for F1, [1] for F2, [2] for F3 and F4 */
         /* F1 */
         {
            0.000000f, 0.000000f, 0.000000f, 0.000000f, 0.000000f,
            0.000000f, -0.001953f, -0.015625f, -0.044922f, -0.060547f,
            0.000000f, -0.015625f, -0.080078f, -0.128906f, -0.128906f,
            0.000000f, -0.044922f, -0.128906f, 0.091797f, 0.349609f,
            0.000000f, -0.060547f, -0.128906f, 0.349609f, 0.835938f
         },
         /* F2 */
         {
            0.000000f, 0.000000f, 0.000000f, 0.000000f, 0.000000f,
            0.000000f, -0.001953f, -0.015625f, -0.044922f, -0.060547f,
            0.000000f, -0.015625f, -0.080078f, -0.128906f, -0.128906f,
            0.000000f, -0.044922f, -0.128906f, 0.091797f, 0.349609f,
            0.000000f, -0.060547f, -0.128906f, 0.349609f, 0.835938f
         },
         /* F3 */
         {
            0.000000f, 0.000000f, 0.000000f, 0.000000f, 0.000000f,
            0.000000f, 0.000000f, 0.000000f, -0.004883f, -0.004883f,
            0.000000f, 0.000000f, -0.034180f, -0.200196f, -0.346680f,
            0.000000f, -0.004883f, -0.200196f, -0.063477f, 0.405274f,
            0.000000f, -0.004883f, -0.346680f, 0.405274f, 1.816406f
         },
         /* F4 */
         {
            0.000000f, 0.000000f, 0.000000f, 0.000000f, 0.000000f,
            0.000000f, 0.000000f, 0.000000f, -0.004883f, -0.004883f,
            0.000000f, 0.000000f, -0.034180f, -0.200196f, -0.346680f,
            0.000000f, -0.004883f, -0.200196f, -0.063477f, 0.405274f,
            0.000000f, -0.004883f, -0.346680f, 0.405274f, 1.816406f
         },
         /* F5 */
         {
            0.000000f, 0.000000f, 0.000000f, 0.000000f, 0.000000f,
            0.000000f, 0.000000f, 0.000000f, 0.000000f, 0.000000f,
            0.000000f, 0.000000f, 0.000000f, 0.000000f, 0.000000f,
            0.000000f, 0.000000f, 0.000000f, 0.000000f, 0.000000f,
            0.000000f, 0.000000f, 0.000000f, 0.000000f, 1.000000f
         },
         /* H / Lut1 */
         {
         0.000000f,     0.100000f,  0.200000f,  0.300000f,  0.300000f,  0.300000f,
         0.300000f,     0.300000f,  0.300000f,  0.300000f,  0.290000f,  0.280000f,
         0.270000f,     0.260000f,  0.250000f,  0.240000f,  0.230000f,  0.220000f,
         0.210000f,     0.200000f,  0.190000f,  0.180000f,  0.176667f,  0.173333f

            //0.0000f*0.65, 0.3170f*0.65, 0.3170f*0.65, 0.3170f*0.65, 0.3170f*0.65, 0.3170f*0.65,
            //0.3170f*0.65, 0.3170f*0.65, 0.3170f*0.65, 0.3170f*0.65, 0.3199f*0.65, 0.3149f*0.65,
            //0.3018f*0.65, 0.2811f*0.65, 0.2533f*0.65, 0.2533f*0.65, 0.2533f*0.65, 0.2533f*0.65,
            //0.2533f*0.65, 0.2533f*0.65, 0.2533f*0.65, 0.2533f*0.65, 0.2533f*0.65, 0.2533f*0.65
            //0.000000f,    0.000000f,  0.020404f,  0.108527f,  0.262087f,  0.39088f,
           // 0.467476f,    0.505597f,  0.505597f,  0.505597f,  0.505597f,  0.505597f,
           // 0.505597f,    0.505597f,  0.485597f,  0.451509f,  0.451509f,  0.451509f,
           // 0.451509f,    0.451509f,  0.451509f,  0.451509f,  0.451509f,  0.451509f

         },
         /* V / Lut2 */
         {
            0.000000f, 0.000000f, 0.000000f, 0.000000f, 0.000000f, 0.000000f,
            0.000000f, 0.000000f, 0.000000f, 0.000000f, 0.000000f, 0.000000f,
            0.000000f, 0.000000f, 0.000000f, 0.000000f, 0.000000f, 0.000000f,
            0.000000f, 0.000000f, 0.000000f, 0.000000f, 0.000000f, 0.000000f
         },
         0, /* Enable Dynamic Clamping */
         1.000000f, /* smax */
         5, /* omax */
         1.000000f, /* smin */
         5, /* omin */
         8, /* reg_hh */
         -16, /* reg_hl */
         8, /* reg_vh */
         -16, /* oreg_vlmin */
         8, /* reg_th */
         -16, /* reg_tl */
         /* Lut3 */
         {
            0.000000f, 1.000000f, 1.000000f, 1.000000f, 1.000000f, 1.000000f,
            1.000000f, 1.000000f, 1.000000f, 1.000000f, 1.000000f, 1.000000f
         },
      },
      /* ASF 7x7 Set5 */
      {
         /* Trigger */
         {
            30.00000f, /* Gain Start */
            36.0000f, /* Gain End */
            395, /* Lux Index Start */
            407, /* Lux Index End */
         },
         853, /* Checksum Flag */
         20, /* 3x3 Smooth Percentage */
         {0, 0, 0}, /* nz [0] for F1, [1] for F2, [2] for F3 and F4 */
         /* F1 */
         {
            0.000000f, 0.000000f, 0.000000f, 0.000000f, 0.000000f,
            0.000000f, -0.001953f, -0.015625f, -0.044922f, -0.060547f,
            0.000000f, -0.015625f, -0.080078f, -0.128906f, -0.128906f,
            0.000000f, -0.044922f, -0.128906f, 0.091797f, 0.349609f,
            0.000000f, -0.060547f, -0.128906f, 0.349609f, 0.835938f
         },
         /* F2 */
         {
            0.000000f, 0.000000f, 0.000000f, 0.000000f, 0.000000f,
            0.000000f, -0.001953f, -0.015625f, -0.044922f, -0.060547f,
            0.000000f, -0.015625f, -0.080078f, -0.128906f, -0.128906f,
            0.000000f, -0.044922f, -0.128906f, 0.091797f, 0.349609f,
            0.000000f, -0.060547f, -0.128906f, 0.349609f, 0.835938f
         },
         /* F3 */
         {
            0.000000f, 0.000000f, 0.000000f, 0.000000f, 0.000000f,
            0.000000f, 0.000000f, 0.000000f, -0.004883f, -0.004883f,
            0.000000f, 0.000000f, -0.034180f, -0.200196f, -0.346680f,
            0.000000f, -0.004883f, -0.200196f, -0.063477f, 0.405274f,
            0.000000f, -0.004883f, -0.346680f, 0.405274f, 1.816406f
         },
         /* F4 */
         {
            0.000000f, 0.000000f, 0.000000f, 0.000000f, 0.000000f,
            0.000000f, 0.000000f, 0.000000f, -0.004883f, -0.004883f,
            0.000000f, 0.000000f, -0.034180f, -0.200196f, -0.346680f,
            0.000000f, -0.004883f, -0.200196f, -0.063477f, 0.405274f,
            0.000000f, -0.004883f, -0.346680f, 0.405274f, 1.816406f
         },
         /* F5 */
         {
            0.000000f, 0.000000f, 0.000000f, 0.000000f, 0.000000f,
            0.000000f, 0.000000f, 0.000000f, 0.000000f, 0.000000f,
            0.000000f, 0.000000f, 0.000000f, 0.000000f, 0.000000f,
            0.000000f, 0.000000f, 0.000000f, 0.000000f, 0.000000f,
            0.000000f, 0.000000f, 0.000000f, 0.000000f, 1.000000f
         },
         /* H / Lut1 */
         {
           // 0.000000f, 0.000000f, 0.082816f, 0.163543f, 0.240089f, 0.310626f,
           // 0.373261f, 0.426491f, 0.468944f, 0.499510f, 0.517536f, 0.522369f,
           // 0.514075f, 0.492783f, 0.458951f, 0.413624f, 0.413624f, 0.413624f,
           // 0.413624f, 0.413624f, 0.413624f, 0.413624f, 0.413624f, 0.413624f
            0.00000f*0.0,   0.10000f*0.8,   0.17435f*0.8,    0.20605f*1.0,  0.20605f*1.0,   0.20605f*1.0,
            0.20605f*1.0,   0.20605f*1.0,   0.20605f*1.0,    0.20605f*1.0,  0.20605f*1.0,   0.20605f*1.0,
            0.20605f*1.0,   0.20605f*1.0,   0.17731f*1.0,    0.13931f*1.1,   0.13931f*1.1,   0.13931f*1.1,
            0.13931f*1.1,   0.13931f*1.1,   0.13931f*1.1,    0.13931f*1.1,  0.13931f*1.1,   0.13931f*1.1


         },
         /* V / Lut2 */
         {
            0.000000f, 0.000000f, 0.000000f, 0.000000f, 0.000000f, 0.000000f,
            0.000000f, 0.000000f, 0.000000f, 0.000000f, 0.000000f, 0.000000f,
            0.000000f, 0.000000f, 0.000000f, 0.000000f, 0.000000f, 0.000000f,
            0.000000f, 0.000000f, 0.000000f, 0.000000f, 0.000000f, 0.000000f
         },
         0, /* Enable Dynamic Clamping */
         1.000000f, /* smax */
         5, /* omax */
         1.000000f, /* smin */
         5, /* omin */
         8, /* reg_hh */
         -16, /* reg_hl */
         8, /* reg_vh */
         -16, /* oreg_vlmin */
         8, /* reg_th */
         -16, /* reg_tl */
         /* Lut3 */
         {
            0.000000f, 1.000000f, 1.000000f, 1.000000f, 1.000000f, 1.000000f,
            1.000000f, 1.000000f, 1.000000f, 1.000000f, 1.000000f, 1.000000f
         },
      },
      /* ASF 7x7 Set6 */
      {
         /* Trigger */
         {
            40.00000f, /* Gain Start */
            45.00000f, /* Gain End */
            420, /* Lux Index Start */
            432, /* Lux Index End */
         },
         853, /* Checksum Flag */
         50, /* 3x3 Smooth Percentage */
         {0, 0, 0}, /* nz [0] for F1, [1] for F2, [2] for F3 and F4 */
         /* F1 */
         {
            0.000000f, 0.000000f, 0.000000f, 0.000000f, 0.000000f,
            0.000000f, -0.001953f, -0.015625f, -0.044922f, -0.060547f,
            0.000000f, -0.015625f, -0.080078f, -0.128906f, -0.128906f,
            0.000000f, -0.044922f, -0.128906f, 0.091797f, 0.349609f,
            0.000000f, -0.060547f, -0.128906f, 0.349609f, 0.835938f
         },
         /* F2 */
         {
            0.000000f, 0.000000f, 0.000000f, 0.000000f, 0.000000f,
            0.000000f, -0.001953f, -0.015625f, -0.044922f, -0.060547f,
            0.000000f, -0.015625f, -0.080078f, -0.128906f, -0.128906f,
            0.000000f, -0.044922f, -0.128906f, 0.091797f, 0.349609f,
            0.000000f, -0.060547f, -0.128906f, 0.349609f, 0.835938f
         },
         /* F3 */
         {
            0.000000f, 0.000000f, 0.000000f, 0.000000f, 0.000000f,
            0.000000f, 0.000000f, 0.000000f, -0.004883f, -0.004883f,
            0.000000f, 0.000000f, -0.034180f, -0.200196f, -0.346680f,
            0.000000f, -0.004883f, -0.200196f, -0.063477f, 0.405274f,
            0.000000f, -0.004883f, -0.346680f, 0.405274f, 1.816406f
         },
         /* F4 */
         {
            0.000000f, 0.000000f, 0.000000f, 0.000000f, 0.000000f,
            0.000000f, 0.000000f, 0.000000f, -0.004883f, -0.004883f,
            0.000000f, 0.000000f, -0.034180f, -0.200196f, -0.346680f,
            0.000000f, -0.004883f, -0.200196f, -0.063477f, 0.405274f,
            0.000000f, -0.004883f, -0.346680f, 0.405274f, 1.816406f
         },
         /* F5 */
         {
            0.000000f, 0.000000f, 0.000000f, 0.000000f, 0.000000f,
            0.000000f, 0.000000f, 0.000000f, 0.000000f, 0.000000f,
            0.000000f, 0.000000f, 0.000000f, 0.000000f, 0.000000f,
            0.000000f, 0.000000f, 0.000000f, 0.000000f, 0.000000f,
            0.000000f, 0.000000f, 0.000000f, 0.000000f, 1.000000f
         },
         /* H / Lut1 */
         {
             0.00000f*0.65, 0.10000f*0.45,  0.17435f*0.45,    0.20605f*0.45,    0.20605f*0.45,  0.20605f*0.45,
            0.20605f*0.45,  0.20605f*0.45,  0.20605f*0.45,   0.20605f*0.45, 0.20605f*0.45,  0.20605f*0.45,
            0.20605f*0.45,  0.20605f*0.45,  0.17731f*0.45,   0.13931f*0.45,  0.13931f*0.45,  0.13931f*0.45,
            0.13931f*0.45,  0.13931f*0.45,  0.13931f*0.45,   0.13931f*0.45, 0.13931f*0.45,  0.13931f*0.45
            //0.00000f, 0.000000f,  0.000000f,  0.050000f,  0.152028f,  0.24158f,
            //0.28432f, 0.314325f,  0.314325f,  0.314325f,  0.314325f,  0.314325f,
            //0.314325f,0.304325f,  0.2858f,    0.26158f,   0.24158f,   0.24158f,
            //0.24158f, 0.24158f,   0.24158f,   0.24158f,   0.24158f,   0.24158f,

         },
         /* V / Lut2 */
         {
            0.000000f, 0.000000f, 0.000000f, 0.000000f, 0.000000f, 0.000000f,
            0.000000f, 0.000000f, 0.000000f, 0.000000f, 0.000000f, 0.000000f,
            0.000000f, 0.000000f, 0.000000f, 0.000000f, 0.000000f, 0.000000f,
            0.000000f, 0.000000f, 0.000000f, 0.000000f, 0.000000f, 0.000000f
         },
         0, /* Enable Dynamic Clamping */
         1.000000f, /* smax */
         5, /* omax */
         1.000000f, /* smin */
         5, /* omin */
         6, /* reg_hh */
         -12, /* reg_hl */
         6, /* reg_vh */
         -12, /* oreg_vlmin */
         6, /* reg_th */
         -12, /* reg_tl */
         /* Lut3 */
         {
            0.000000f, 1.000000f, 1.000000f, 1.000000f, 1.000000f, 1.000000f,
            1.000000f, 1.000000f, 1.000000f, 1.000000f, 1.000000f, 1.000000f
         },
      },
   },
   0.900000f, /* 7x7 Soft Focus Degree */
   0.250000f, /* 7x7 Sharp Min DS Factor */
   12.00000f, /* 7x7 Sharp Max DS Factor */
   2.000000f, /* 7x7 Sharp Max Factor */
},
/* 9x9 ASF */
{

   /*********************************************************************/
   // Feature: Control parameters.
   //
   // Variable name: enable.
   // Enables the feature.
   // Data range: 0 or 1.
   // Effect: 0 disables the feature, 1 enables it.
   //         If disabled (0), the block will be bypassed.
   //
   // Variable name: control_enable.
   // Allows the feature to adjust its decisions.
   // Data range: 0 or 1.
   // Effect: 0 disables decision adjustment, 1 enables it.
   //         If 0 the current decision will be used regardless
   //         of input. If 1 the feature can make new decisions
   //         based on input.
   //
   // Variable name: control.
   // Selects gain or lux_index to control the feature.
   // Data range: 0 or 1.
   // Effect: 0 means to use lux_index to control the feature.
   //         1 means to use gain to control the feature.
   /*********************************************************************/

   1, /* Enable */
   1, /* Control Enable */
   1, /* Control Method - 1 = Gain, 0 = Lux Index */

   /******************************************************************************/
   // Feature name: 9x9 ASF.
   // Applicable chipset(s): HW version 8084 or later, SW version can be applied to any chipsets.
   //
   // Variable name: sp.
   // Smoothing percentage of 3x3 median filter.
   // Default value: 0.
   // Data range: 0 to 100.
   // Effect: Larger value tends to make result images blurry.
   //
   // Variable name: horizontal_nz[8].
   // Controls the mapping of horizontal/downward filter coefficients.
   // Default value: {1, 1, 1, 1, -1, -1, -1, 1}.
   // Data range: -1 to 1.
   //
   // Variable name: vertical_nz[8].
   // Controls the mapping of vertical/upward filter coefficients
   // Default value: {1, 1, -1, -1, -1, 1, 1, 1}.
   // Data range: -1 to 1.
   //
   // Variable name: sobel_H_coeff[25].
   // Array to store horizontal edge-detection filter coefficients.
   // Default value:
   // Data range: Center coeff([24]) -2047 to 2047, axes coeff([4], [9], [14], [19], [20], [21],
   //        [22], [23]) -1023 to 1023, quadrant coeff([0], [1], [2], [3], [5], [6], [7], [8],
   //        [10], [11], [12], [13], [15], [16], [17], [18]) -511 to 511.  All are Q10 numbers.
   //
   // Variable name: sobel_se_diagonal_coeff[25].
   // Array to store downward edge-detection filter coefficients.
   // default value:
   // Data range: Center coeff([24]) -2047 to 2047, axes coeff([0], [8], [9], [15], [16], [20],
   //        [21], [23]) -1023 to 1023, quadrant coeff([1], [2], [3], [4], [5], [6], [7], [10],
   //        [11], [12], [13], [14], [17], [18], [19], [22]) -511 to 511.  All are Q10 numbers.
   //
   // Variable name: hpf_h_coeff[25].
   // Array to store horizontal sharpening filter coefficients.
   // Default value:
   // Data range: Center coeff([24]) -2047 to 2047, axes coeff([4], [9], [14], [19], [20], [21],
   //        [22], [23]) -1023 to 1023, quadrant coeff([0], [1], [2], [3], [5], [6], [7], [8],
   //        [10], [11], [12], [13], [15], [16], [17], [18]) -511 to 511.  All are Q10 numbers.
   //
   // Variable name: hpf_se_diagonal_coeff[25].
   // Array to store downward sharpening filter coefficients.
   // Default value:
   // Data range: Center coeff([24]) -2047 to 2047, axes coeff([0], [8], [9], [15], [16], [20],
   //        [21], [23]) -1023 to 1023, quadrant coeff([1], [2], [3], [4], [5], [6], [7], [10],
   //        [11], [12], [13], [14], [17], [18], [19], [22]) -511 to 511.  All are Q10 numbers.
   //
   // Variable name: hpf_symmetric_coeff[15].
   // Array to store circular sharpening filter coefficients.
   // Default value:
   // Data range: Center coeff([14]) -2047 to 2047, axes coeff([4], [8], [11], [13]) -1023 to 1023,
   //        quadrant coeff([0], [1], [2], [3], [5], [6], [7], [9], [10], [12]) -511 to 511.
   //        All are Q10 numbers.
   //
   // Variable name: lpf_coeff[15].
   // Description: Array to store low-pass filter coefficients.
   // Default value:
   // Data range: Center coeff([14]) 0 to 1024, axes coeff([0], [4], [5], [8], [9], [11], [12], [13]) 0 to 255,
   //        other coeff([1], [2], [3], [6], [7], [10]) 0 to 127.
   //        All are Q10 numbers.
   //
   // Variable name: activity_lpf_coeff[6].
   // Array to store low-pass filter coefficients for activity extraction.
   // Default value:
   // Data range: Center coeff([5]) 0 to 255, axes coeff([0], [2], [3], [4]) 0 to 63,
   //        other coeff([1]) 0 to 31. All are Q8 numbers.
   //
   // Variable name: activity_band_pass_coeff[6].
   // Array to store band-pass filter coefficients for activity extraction.
   // Default value:
   // Data range: Center coeff([5]) -511 to 511, axes coeff([2], [4]) -255 to 255,
   //        quadrant coeff([0], [1], [3]) -127 to 127. All are Q8 numbers.
   //
   // Variable name: activity_normalization_lut[64].
   // Description: activity normalization lookup table used to regularize activity.
   // Default value:
   // Data range: 0 to 0.996
   // Effect: Larger value scales up the local activity for corresponding intensity level.
   //
   // Variable name: weight_modulation_lut[64].
   // Control weight lookup table for soft-threshold calculation.
   // Default value:
   // Data range: 0 to 0.996
   // Effect: Larger value allows larger sharpened signal in busy area.
   //
   // Variable name: soft_threshold_lut[64].
   // Soft threshold lookup table.
   // Default value:
   // Data range: 0 to 255.
   // Effect: Larger value allows larger sharpened signal
   //
   // Variable name: gain_lut[64].
   // Sharpening gain lookup table.
   // Default value:
   // Data range: 0 to 7.96
   // Effect: Larger value increases overall sharpness
   //
   // Variable name: gain_weight_lut[256].
   // Sharpening gain weights lookup table.
   // Default value:
   // Data range: 0 to 0.996
   // Effect: Larger value increases sharpness in busy area.
   //
   // Variable name: gain_cap.
   // Top cap of sharpening gain.
   // Default value: 7.96
   // Data range: 0 to 7.96
   // Effect: Larger value allows more sharpening.
   //
   // Variable name: gamma_corrected_luma_target.
   // Gamma corrected luma target.
   // Default value: 128.
   // Data range: 0 to 255.
   //
   // Variable name: en_dyna_clamp.
   // Option for clamping control; 0: use static clamping; 1: use dynamical clamping.
   // Default value: 0.
   // Data range: 0 to 1
   //
   // Variable name: smax.
   // Scale factor for positive dynamical control.
   // Default value: 1.00
   // Data range: 0 to 7.98
   // Effect: Larger value allows more overshoot.
   //
   // Variable name: omax.
   // Offset for positive dynamical control
   // Default value: 6.
   // Data range: 0 to 127.
   // Effect: Larger value allows more overshoot.
   //
   // Variable name: smin.
   // Scale factor for negative dynamical control
   // Default value: 1.00
   // Data range:  0 to 7.98
   // Effect: Larger value allows more undershoot.
   //
   // Variable name: omin.
   // Offset for negative dynamical control.
   // Default value: 6.
   // Data range: 0 to 127
   // Effect: Larger value allows more undershoot.
   //
   // Variable name: clamp_UL.
   // Description: static upper clamp.
   // Default value: 127.
   // Data range: 0 to 255
   // Effect: Larger value allows more overshoot.
   //
   // Variable name: clamp_LL.
   // Description: static lower clamp.
   // Default value: -128.
   // Data range: -255 to 0.
   // Effect: Larger value allows more undershoot.
   //
   // Variable name: perpendicular_scale_factor.
   // Scale factor to decide sharpening direction.
   // Default value: 2.0.
   // Data range: 0 to 7.93
   // Effect: Larger value tends to use circular sharpening.
   //
